                               STATION POSITIONS AT EPOCH 2010.0 AND VELOCITIES

DOMES NB. SITE NAME        TECH. ID.        X/Vx       Y/Vy         Z/Vz         Sigmas          SOLN  DATA_START   DATA_END
                                            -----------------------m/m/y---------------------
------------------------------------------------------------------------------------------------------------------------
10317S003 NYALES20         VLBI 7331  1202462.568   252734.498  6237766.178 0.00005 0.00005 0.00007
10317S003                                 -0.0145       0.0076       0.0110 0.00000 0.00000 0.00001
10329M001 TRYSILNO         VLBI 7607  2988028.985   655957.180  5578669.243 0.03197 0.01102 0.05827
10329M001                                 -0.0126       0.0085       0.0107 0.00179 0.00062 0.00326
10402S002 ONSALA60         VLBI 7213  3370605.844   711917.677  5349830.874 0.00006 0.00006 0.00009
10402S002                                 -0.0141       0.0146       0.0108 0.00001 0.00001 0.00001
10503S002 METSAHOV         VLBI 7385  2892584.900  1311715.557  5512640.134 0.00026 0.00016 0.00042
10503S002                                 -0.0164       0.0145       0.0102 0.00005 0.00003 0.00008
12337S008 CRIMEA           VLBI 7332  3785230.791  2551207.620  4439796.501 0.00044 0.00032 0.00051
12337S008                                 -0.0211       0.0160       0.0101 0.00004 0.00003 0.00005
12338S003 BADARY           VLBI 7382  -838200.988  3865751.569  4987670.905 0.00008 0.00013 0.00018
12338S003                                 -0.0274       0.0002      -0.0030 0.00001 0.00003 0.00004
12350S001 SVETLOE          VLBI 7380  2730173.725  1562442.754  5529969.118 0.00007 0.00006 0.00011
12350S001                                 -0.0188       0.0132       0.0077 0.00001 0.00001 0.00003
12351S001 ZELENCHK         VLBI 7381  3451207.594  3060375.371  4391915.017 0.00024 0.00021 0.00032  1 00:000:00000 07:182:00000
12351S001                                 -0.0218       0.0147       0.0087 0.00003 0.00003 0.00004
12351S001 ZELENCHK         VLBI 7381  3451207.603  3060375.376  4391915.022 0.00012 0.00010 0.00015  2 07:182:00000 00:000:00000
12351S001                                 -0.0218       0.0147       0.0087 0.00003 0.00003 0.00004
12711S001 MEDICINA         VLBI 7230  4461369.747   919597.068  4449559.350 0.00023 0.00011 0.00025  1 00:000:00000 96:183:00000
12711S001                                 -0.0181       0.0188       0.0117 0.00001 0.00001 0.00001
12711S001 MEDICINA         VLBI 7230  4461369.749   919597.068  4449559.350 0.00008 0.00006 0.00010  2 96:183:00000 00:000:00000
12711S001                                 -0.0181       0.0188       0.0117 0.00001 0.00001 0.00001
12717S001 NOTO             VLBI 7547  4934562.891  1321201.490  3806484.689 0.00026 0.00013 0.00023
12717S001                                 -0.0177       0.0176       0.0155 0.00002 0.00001 0.00002
12734S005 MATERA           VLBI 7243  4641938.528  1393003.266  4133325.729 0.00007 0.00006 0.00008
12734S005                                 -0.0187       0.0190       0.0146 0.00001 0.00001 0.00001
13407S010 DSS65            VLBI 1565  4849336.565  -360488.541  4114749.001 0.00102 0.00036 0.00104  1 00:000:00000 97:105:00000
13407S010                                 -0.0088       0.0192       0.0137 0.00006 0.00002 0.00007
13407S010 DSS65            VLBI 1565  4849336.575  -360488.542  4114749.002 0.00072 0.00025 0.00075  2 97:105:00000 05:050:00000
13407S010                                 -0.0088       0.0192       0.0137 0.00006 0.00002 0.00007
13407S014 DSS65A           VLBI 1567  4849339.581  -360427.553  4114750.799 0.00043 0.00015 0.00044
13407S014                                 -0.0088       0.0192       0.0137 0.00006 0.00002 0.00007
13420S001 YEBES            VLBI 7333  4848780.160  -261701.831  4123035.902 0.00298 0.00082 0.00276
13420S001                                 -0.0102       0.0189       0.0124 0.00030 0.00008 0.00027
13420S002 YEBES40M         VLBI 7386  4848761.818  -261484.242  4123084.976 0.00028 0.00012 0.00029  1 00:000:00000 11:192:00000
13420S002                                 -0.0102       0.0195       0.0120 0.00006 0.00002 0.00005
13420S002 YEBES40M         VLBI 7386  4848761.851  -261484.245  4123085.005 0.00031 0.00014 0.00031  2 11:192:00000 00:000:00000
13420S002                                 -0.0102       0.0195       0.0120 0.00006 0.00002 0.00005
13420S003 RAEGYEB          VLBI 7389  4848831.130  -261629.588  4122976.441 0.00046 0.00019 0.00045
13420S003                                 -0.0102       0.0195       0.0120 0.00006 0.00002 0.00005
14201S004 WETTZELL         VLBI 7224  4075539.676   931735.486  4801629.498 0.00005 0.00005 0.00007
14201S004                                 -0.0159       0.0171       0.0103 0.00001 0.00000 0.00001
14201S043 WETTZ13N         VLBI 7387  4075627.712   931774.218  4801552.333 0.00012 0.00008 0.00015
14201S043                                 -0.0159       0.0171       0.0103 0.00001 0.00000 0.00001
14201S100 TIGOWTZL         VLBI 7593  4075572.463   931755.333  4801584.482 0.00800 0.00306 0.00958
14201S100                                 -0.0166       0.0159       0.0098 0.00076 0.00029 0.00091
14209S001 EFLSBERG         VLBI 7203  4033947.273   486990.732  4900430.931 0.00094 0.00035 0.00109  1 00:000:00000 96:275:00000
14209S001                                 -0.0144       0.0169       0.0105 0.00005 0.00002 0.00006
14209S001 EFLSBERG         VLBI 7203  4033947.291   486990.737  4900430.948 0.00041 0.00015 0.00050  2 96:275:00000 00:000:00000
14209S001                                 -0.0144       0.0169       0.0105 0.00005 0.00002 0.00006
21605S009 SESHAN25         VLBI 7227 -2831687.304  4675733.525  3275327.539 0.00014 0.00018 0.00018  1 00:000:00000 11:070:43200
21605S009                                 -0.0303      -0.0114      -0.0113 0.00002 0.00002 0.00002
21605S009 SESHAN25         VLBI 7227 -2831687.310  4675733.516  3275327.541 0.00017 0.00023 0.00021  2 11:070:43200 00:000:00000
21605S009                                 -0.0303      -0.0114      -0.0113 0.00002 0.00002 0.00002
21609S003 KUNMING          VLBI 7367 -1281152.733  5640864.335  2682653.478 0.00062 0.00155 0.00095
21609S003                                 -0.0349       0.0100      -0.0099 0.00011 0.00026 0.00016
21612S001 URUMQI           VLBI 7330   228310.306  4631922.765  4367064.046 0.00012 0.00022 0.00025  1 00:000:00000 14:036:00000
21612S001                                 -0.0324      -0.0017       0.0054 0.00002 0.00003 0.00004
21612S001 URUMQI           VLBI 7330   228310.316  4631922.909  4367064.174 0.00025 0.00054 0.00056  2 14:036:00000 00:000:00000
21612S001                                 -0.0324      -0.0017       0.0054 0.00002 0.00003 0.00004
21618S001 TIANMA65         VLBI 7379 -2826708.511  4679237.111  3274667.586 0.00072 0.00101 0.00080
21618S001                                 -0.0303      -0.0114      -0.0113 0.00002 0.00002 0.00002
21701S001 KASHIMA          VLBI 1856 -3997892.290  3276581.356  3724118.125 0.00069 0.00046 0.00072  1 00:000:00000 11:070:43200
21701S001                                 -0.0014       0.0054      -0.0084 0.00004 0.00003 0.00005
21701S004 KASHIM34         VLBI 1857 -3997649.256  3276690.834  3724278.749 0.00027 0.00024 0.00028  1 00:000:00000 11:070:43200
21701S004                                 -0.0014       0.0052      -0.0068 0.00002 0.00002 0.00003
21701S004 KASHIM34         VLBI 1857 -3997649.874  3276689.996  3724278.555 0.00076 0.00070 0.00074  2 11:070:00000 00:000:00000
21701S004                                 -0.0392       0.0004      -0.0102 0.00011 0.00010 0.00011
21701S006 KASHIM11         VLBI 7334 -3997505.680  3276878.476  3724240.619 0.00171 0.00148 0.00151  1 00:000:00000 11:070:43200
21701S006                                 -0.0014       0.0052      -0.0068 0.00002 0.00002 0.00003
21701S006 KASHIM11         VLBI 7334 -3997506.299  3276877.658  3724240.422 0.00071 0.00067 0.00071  2 11:070:43200 00:000:00000
21701S006                                 -0.0392       0.0004      -0.0102 0.00011 0.00010 0.00011
21702S010 MIZNAO10         VLBI 7324 -3857236.660  3108803.573  4003883.366 0.04900 0.03096 0.03936  1 00:000:00000 11:070:43200
21702S010                                 -0.0340       0.0225       0.0174 0.00305 0.00194 0.00247
21702S012 VERAMZSW         VLBI 7362 -3857241.775  3108784.967  4003900.536 0.00174 0.00148 0.00163  1 00:000:00000 11:070:43200
21702S012                                  0.0153      -0.0024      -0.0161 0.00264 0.00221 0.00252
21702S012 VERAMZSW         VLBI 7362 -3857243.978  3108783.362  4003899.364 0.00147 0.00135 0.00152  2 11:070:43200 00:000:00000
21702S012                                 -0.1349      -0.0607      -0.0292 0.00029 0.00026 0.00028
21704S004 KOGANEI          VLBI 7327 -3941937.678  3368150.683  3702235.314 0.00074 0.00064 0.00067  1 00:000:00000 15:000:00000
21704S004                                 -0.0236      -0.0246       0.0020 0.00017 0.00014 0.00015
21704S004 KOGANEI          VLBI 7327 -3941937.684  3368150.604  3702235.313 0.00799 0.00679 0.00703  2 15:000:00000 00:000:00000
21704S004                                 -0.0261      -0.0041       0.0039 0.00127 0.00108 0.00111
21730S007 TSUKUB32         VLBI 7345 -3957408.216  3310229.625  3737493.639 0.24510 0.19230 0.23940  1 00:000:00000 99:121:00000
21730S007                                  0.0508       0.0189      -0.1045 0.02197 0.01724 0.02146
21730S007 TSUKUB32         VLBI 7345 -3957408.812  3310229.464  3737494.749 0.00010 0.00010 0.00013  2 99:121:00000 11:070:43200
21730S007                                 -0.0033       0.0046      -0.0052 0.00002 0.00002 0.00002
21730S007 TSUKUB32         VLBI 7345 -3957408.801  3310229.190  3737494.798 0.00731 0.00652 0.00838  3 11:070:43200 11:181:00000
21730S007                                 -0.3095      -0.2295      -0.0695 0.00547 0.00487 0.00622
21730S007 TSUKUB32         VLBI 7345 -3957409.090  3310228.925  3737494.693 0.00193 0.00186 0.00233  4 11:181:00000 12:047:00000
21730S007                                 -0.1161      -0.0547      -0.0029 0.00105 0.00102 0.00128
21730S007 TSUKUB32         VLBI 7345 -3957409.208  3310228.854  3737494.691 0.00130 0.00114 0.00151  5 12:047:43200 13:331:00000
21730S007                                 -0.0589      -0.0245      -0.0054 0.00045 0.00040 0.00052
21730S007 TSUKUB32         VLBI 7345 -3957409.314  3310228.789  3737494.693 0.00065 0.00061 0.00069  6 13:331:00000 00:000:00000
21730S007                                 -0.0299      -0.0070      -0.0061 0.00012 0.00011 0.00012
21731S003 SINTOTU3         VLBI 7346 -3642142.395  2861496.600  4370361.637 0.00239 0.00200 0.00266  1 00:000:00000 11:070:43200
21731S003                                 -0.0162      -0.0001      -0.0043 0.00245 0.00207 0.00276
21731S003 SINTOTU3         VLBI 7346 -3642142.424  2861496.586  4370361.609 0.00831 0.00687 0.00912  2 11:070:43200 00:000:00000
21731S003                                 -0.0162      -0.0001      -0.0043 0.00245 0.00207 0.00276
21732S004 CHICHI10         VLBI 7347 -4490618.163  3483908.499  2884899.261 0.00075 0.00061 0.00051  1 00:000:00000 11:070:43200
21732S004                                  0.0338       0.0253       0.0094 0.00067 0.00056 0.00046
21732S004 CHICHI10         VLBI 7347 -4490618.191  3483908.500  2884899.252 0.00210 0.00180 0.00148  2 11:070:43200 00:000:00000
21732S004                                  0.0338       0.0253       0.0094 0.00067 0.00056 0.00046
21733S002 MARCUS           VLBI 7310 -5227445.940  2551380.488  2607605.371 0.02173 0.01619 0.01468
21733S002                                  0.0408       0.0611       0.0289 0.00126 0.00094 0.00085
21736S002 VERAISGK         VLBI 7365 -3263994.981  4808056.374  2619949.037 0.00198 0.00267 0.00158  1 00:000:00000 11:070:43200
21736S002                                 -0.0442       0.0111      -0.0392 0.00127 0.00178 0.00105
21736S002 VERAISGK         VLBI 7365 -3263994.983  4808056.337  2619949.009 0.00396 0.00552 0.00326  2 11:070:43200 00:000:00000
21736S002                                 -0.0442       0.0111      -0.0392 0.00127 0.00178 0.00105
21742S002 AIRA             VLBI 7348 -3530219.657  4118797.475  3344015.656 0.00055 0.00059 0.00049  1 00:000:00000 11:070:43200
21742S002                                 -0.0195      -0.0100      -0.0142 0.00043 0.00047 0.00040
21742S002 AIRA             VLBI 7348 -3530219.685  4118797.460  3344015.662 0.00160 0.00180 0.00152  2 11:070:43200 00:000:00000
21742S002                                 -0.0195      -0.0100      -0.0142 0.00043 0.00047 0.00040
21791S001 ISHIOKA          VLBI 7369 -3959635.951  3296825.510  3747042.677 0.00088 0.00081 0.00086
21791S001                                 -0.0238      -0.0043      -0.0091 0.00011 0.00010 0.00011
23907S001 SEJONG           VLBI 7368 -3110079.916  4082066.725  3775076.837 0.00091 0.00103 0.00096
23907S001                                 -0.0293      -0.0130      -0.0085 0.00012 0.00014 0.00013
30302S001 HARTRAO          VLBI 7232  5085442.764  2668263.733 -2768696.798 0.00018 0.00013 0.00011
30302S001                                 -0.0015       0.0191       0.0167 0.00002 0.00001 0.00001
30302S009 HART15M          VLBI 7378  5085490.808  2668161.435 -2768692.673 0.00024 0.00017 0.00016  1 00:000:00000 16:182:00000
30302S009                                 -0.0015       0.0191       0.0167 0.00002 0.00001 0.00001
30302S009 HART15M          VLBI 7378  5085490.813  2668161.435 -2768692.674 0.00026 0.00018 0.00016  2 16:182:00000 00:000:00000
30302S009                                 -0.0015       0.0191       0.0167 0.00002 0.00001 0.00001
40101M003 CTVASTJ          VLBI 7625  2612545.501 -3426878.751  4686756.170 0.00286 0.00400 0.00497
40101M003                                 -0.0122       0.0025       0.0050 0.00052 0.00074 0.00089
40104S001 ALGOPARK         VLBI 7282   918034.535 -4346132.314  4561971.213 0.00009 0.00016 0.00019
40104S001                                 -0.0160      -0.0037       0.0041 0.00001 0.00002 0.00002
40105M001 PENTICTN         VLBI 7283 -2058840.705 -3621286.455  4814420.658 0.00230 0.00428 0.00549
40105M001                                 -0.0160      -0.0016      -0.0049 0.00022 0.00036 0.00047
40127M004 YLOW7296         VLBI 7296 -1224399.835 -2689273.332  5633620.305 0.00028 0.00037 0.00039
40127M004                                 -0.0203      -0.0056       0.0031 0.00002 0.00003 0.00004
40400M003 JPL_MV1          VLBI 7263 -2493306.492 -4655197.008  3565519.523 0.02913 0.05251 0.03950
40400M003                                 -0.0262       0.0275       0.0084 0.00129 0.00232 0.00175
40403M001 PVERDES          VLBI 7268 -2525453.331 -4670034.972  3522887.014 0.02139 0.03807 0.02912
40403M001                                 -0.0275       0.0326       0.0115 0.00103 0.00183 0.00140
40404M001 PBLOSSOM         VLBI 7254 -2464071.131 -4649424.996  3593905.647 0.02667 0.04872 0.03724
40404M001                                 -0.0132       0.0292      -0.0022 0.00116 0.00212 0.00162
40405S009 MOJAVE12         VLBI 7222 -2356171.243 -4646755.741  3668470.537 0.00063 0.00104 0.00124  1 00:000:00000 92:179:00000
40405S009                                 -0.0148       0.0073      -0.0033 0.00003 0.00005 0.00006
40405S009 MOJAVE12         VLBI 7222 -2356171.266 -4646755.748  3668470.534 0.00064 0.00107 0.00123  2 92:179:00000 00:000:00000
40405S009                                 -0.0148       0.0073      -0.0033 0.00003 0.00005 0.00006
40405S014 GOLDVENU         VLBI 1513 -2351129.382 -4655476.956  3660956.852 0.00325 0.00476 0.00484
40405S014                                 -0.0147       0.0060      -0.0027 0.00017 0.00025 0.00025
40405S019 DSS15            VLBI 1515 -2353539.088 -4641649.412  3676669.967 0.00126 0.00189 0.00201  1 00:000:00000 92:179:00000
40405S019                                 -0.0182       0.0063      -0.0028 0.00005 0.00006 0.00006
40405S019 DSS15            VLBI 1515 -2353539.077 -4641649.391  3676669.932 0.00055 0.00071 0.00070  2 92:179:00000 00:000:00000
40405S019                                 -0.0182       0.0063      -0.0028 0.00005 0.00006 0.00006
40405S039 DSS13            VLBI 1516 -2351112.783 -4655530.609  3660912.694 0.00060 0.00088 0.00087
40405S039                                 -0.0147       0.0060      -0.0027 0.00017 0.00025 0.00025
40406M001 PRESIDIO         VLBI 7252 -2707705.184 -4257608.967  3888374.254 0.02089 0.03229 0.02895  1 00:000:00000 89:274:00000
40406M001                                 -0.0172       0.0298       0.0034 0.00094 0.00146 0.00131
40406M001 PRESIDIO         VLBI 7252 -2707705.180 -4257608.963  3888374.242 0.01792 0.02770 0.02498  2 89:274:00000 00:000:00000
40406M001                                 -0.0172       0.0298       0.0034 0.00094 0.00146 0.00131
40407M001 PINFLATS         VLBI 7256 -2369636.336 -4761324.534  3511116.253 0.01400 0.02692 0.02022
40407M001                                 -0.0211       0.0178       0.0053 0.00062 0.00119 0.00089
40408S002 GILCREEK         VLBI 7225 -2281547.584 -1453645.123  5756993.055 0.00010 0.00011 0.00018  1 00:000:00000 02:307:79961
40408S002                                 -0.0216      -0.0034      -0.0075 0.00001 0.00001 0.00001
40408S002 GILCREEK         VLBI 7225 -2281547.657 -1453645.212  5756993.076 0.00147 0.00129 0.00326  2 02:307:79961 03:030:00000
40408S002                                 -0.0271      -0.0084      -0.0027 0.00021 0.00018 0.00046
40408S002 GILCREEK         VLBI 7225 -2281547.659 -1453645.214  5756993.074 0.00145 0.00128 0.00323  3 03:030:00000 03:119:00000
40408S002                                 -0.0266      -0.0080      -0.0020 0.00021 0.00019 0.00047
40408S002 GILCREEK         VLBI 7225 -2281547.658 -1453645.214  5756993.075 0.00143 0.00126 0.00317  4 03:119:00000 03:274:00000
40408S002                                 -0.0268      -0.0077      -0.0022 0.00022 0.00019 0.00049
40408S002 GILCREEK         VLBI 7225 -2281547.659 -1453645.216  5756993.073 0.00139 0.00122 0.00309  5 03:274:00000 04:090:00000
40408S002                                 -0.0266      -0.0074      -0.0017 0.00023 0.00020 0.00051
40408S002 GILCREEK         VLBI 7225 -2281547.657 -1453645.216  5756993.072 0.00134 0.00117 0.00297  6 04:090:00000 04:365:00000
40408S002                                 -0.0270      -0.0074      -0.0015 0.00024 0.00021 0.00054
40408S002 GILCREEK         VLBI 7225 -2281547.654 -1453645.218  5756993.068 0.00120 0.00105 0.00266  7 04:365:00000 00:000:00000
40408S002                                 -0.0275      -0.0070      -0.0008 0.00027 0.00024 0.00060
40410M001 PT_REYES         VLBI 7251 -2732333.619 -4217634.437  3914491.545 0.01545 0.02269 0.02164
40410M001                                 -0.0269       0.0210       0.0230 0.00077 0.00113 0.00108
40416M001 YAKATAGA         VLBI 7277 -2529744.707 -1942090.952  5505028.855 0.02286 0.01823 0.04717  1 00:000:00000 87:335:00000
40416M001                                 -0.0243       0.0170       0.0395 0.00097 0.00077 0.00200
40416M001 YAKATAGA         VLBI 7277 -2529744.733 -1942090.902  5505028.720 0.01960 0.01562 0.04052  2 87:335:00000 00:000:00000
40416M001                                 -0.0243       0.0170       0.0395 0.00097 0.00077 0.00200
40419M001 KODIAK           VLBI 7278 -3026940.582 -1575911.653  5370362.536 0.01759 0.01006 0.02971
40419M001                                 -0.0213       0.0068       0.0023 0.00081 0.00046 0.00137
40420M002 VNDNBERG         VLBI 7223 -2678095.339 -4525450.159  3597410.608 0.00272 0.00413 0.00374
40420M002                                 -0.0303       0.0310       0.0214 0.00013 0.00019 0.00017
40421M001 NOME             VLBI 7279 -2658150.928  -693822.089  5737236.633 0.01226 0.00488 0.02544
40421M001                                 -0.0246      -0.0081       0.0003 0.00055 0.00022 0.00113
40423M001 SNDPOINT         VLBI 7280 -3425462.272 -1214669.011  5223858.087 0.02349 0.01013 0.03428
40423M001                                 -0.0192       0.0062      -0.0078 0.00112 0.00048 0.00163
40424S001 KAUAI            VLBI 1311 -5543846.168 -2054562.789  2387814.536 0.00142 0.00088 0.00126
40424S001                                 -0.0088       0.0646       0.0330 0.00008 0.00005 0.00007
40424S007 KOKEE            VLBI 7298 -5543837.747 -2054567.039  2387852.359 0.00008 0.00009 0.00009
40424S007                                 -0.0093       0.0629       0.0325 0.00001 0.00001 0.00001
40427M001 FORT_ORD         VLBI 7266 -2697027.411 -4354392.782  3788078.299 0.02553 0.03977 0.03474
40427M001                                 -0.0332       0.0235       0.0325 0.00113 0.00176 0.00154
40427M002 FORTORDS         VLBI 7241 -2699840.942 -4359126.611  3781051.687 0.02353 0.03668 0.03203  1 00:000:00000 89:274:00000
40427M002                                 -0.0332       0.0235       0.0325 0.00113 0.00176 0.00154
40427M002 FORTORDS         VLBI 7241 -2699840.897 -4359126.559  3781051.697 0.02228 0.03472 0.03038  2 89:274:00000 00:000:00000
40427M002                                 -0.0332       0.0235       0.0325 0.00113 0.00176 0.00154
40428M001 SANPAULA         VLBI 7255 -2554477.375 -4608626.915  3582138.625 0.01795 0.03215 0.02471
40428M001                                 -0.0352       0.0217       0.0152 0.00081 0.00146 0.00112
40430M001 BLKBUTTE         VLBI 7269 -2306307.307 -4787914.464  3515736.359 0.03404 0.06773 0.04905
40430M001                                 -0.0191      -0.0007      -0.0032 0.00149 0.00296 0.00215
40432M001 ELY              VLBI 7286 -2077236.667 -4486712.765  4018753.657 0.00966 0.02131 0.01827
40432M001                                 -0.0193      -0.0020      -0.0041 0.00045 0.00099 0.00085
40433M004 QUINCY           VLBI 7221 -2517231.245 -4198595.008  4076531.157 0.01173 0.01887 0.01829
40433M004                                 -0.0191       0.0107      -0.0059 0.00054 0.00087 0.00084
40439S002 OVRO_130         VLBI 7207 -2409600.968 -4478349.294  3838603.117 0.00435 0.00807 0.00708
40439S002                                 -0.0130       0.0126      -0.0051 0.00019 0.00035 0.00031
40439S006 OV-VLBA          VLBI 7616 -2409150.349 -4478573.137  3838617.348 0.00008 0.00013 0.00011
40439S006                                 -0.0183       0.0066      -0.0033 0.00001 0.00001 0.00001
40440S002 HAYSTACK         VLBI 7205  1492404.524 -4457266.507  4296881.818 0.00142 0.00265 0.00337
40440S002                                 -0.0158      -0.0001       0.0044 0.00007 0.00013 0.00016
40440S003 WESTFORD         VLBI 7209  1492206.387 -4458130.528  4296015.588 0.00006 0.00007 0.00009
40440S003                                 -0.0155      -0.0013       0.0043 0.00000 0.00001 0.00001
40441S001 NRAO_140         VLBI 7204   882879.700 -4924482.326  3944130.702 0.00178 0.00618 0.00457
40441S001                                 -0.0143      -0.0015       0.0023 0.00010 0.00034 0.00026
40441S004 NRAO85_3         VLBI 7214   882325.389 -4925137.993  3943397.702 0.00049 0.00121 0.00103  1 00:000:00000 90:335:00000
40441S004                                 -0.0141      -0.0006       0.0025 0.00003 0.00006 0.00005
40441S004 NRAO85_3         VLBI 7214   882325.378 -4925137.997  3943397.707 0.00040 0.00096 0.00083  2 90:335:00000 00:000:00000
40441S004                                 -0.0141      -0.0006       0.0025 0.00003 0.00006 0.00005
40441S007 NRAO20           VLBI 7208   883772.561 -4924385.618  3944042.538 0.00027 0.00053 0.00051
40441S007                                 -0.0142      -0.0022       0.0040 0.00002 0.00004 0.00004
40442S003 HRAS_085         VLBI 7216 -1324211.146 -5332023.088  3232118.242 0.00071 0.00209 0.00166
40442S003                                 -0.0119       0.0025      -0.0066 0.00003 0.00010 0.00008
40442S017 FD-VLBA          VLBI 7613 -1324009.290 -5332181.953  3231962.406 0.00007 0.00014 0.00011
40442S017                                 -0.0126       0.0004      -0.0044 0.00001 0.00001 0.00001
40451M102 GORF7102         VLBI 7102  1130686.306 -4831353.022  3994110.929 0.00170 0.00502 0.00418
40451M102                                 -0.0154       0.0002       0.0010 0.00009 0.00026 0.00022
40451M125 GGAO7108         VLBI 7108  1130794.558 -4831233.792  3994217.040 0.00134 0.00393 0.00330  1 00:000:00000 03:001:00000
40451M125                                 -0.0154       0.0002       0.0010 0.00009 0.00026 0.00022
40451M125 GGAO7108         VLBI 7108  1130794.329 -4831232.866  3994216.234 0.00160 0.00486 0.00376  2 03:001:00000 00:000:00000
40451M125                                 -0.0154       0.0002       0.0010 0.00009 0.00026 0.00022
40456S001 PIETOWN          VLBI 7234 -1640953.892 -5014816.028  3575411.817 0.00021 0.00047 0.00036  1 00:000:00000 97:245:00000
40456S001                                 -0.0142      -0.0007      -0.0045 0.00001 0.00003 0.00002
40456S001 PIETOWN          VLBI 7234 -1640953.898 -5014816.026  3575411.804 0.00016 0.00034 0.00027  2 97:245:00000 01:200:00000
40456S001                                 -0.0142      -0.0007      -0.0045 0.00001 0.00003 0.00002
40456S001 PIETOWN          VLBI 7234 -1640953.899 -5014816.025  3575411.805 0.00008 0.00016 0.00013  3 01:200:00000 14:001:00000
40456S001                                 -0.0142      -0.0007      -0.0045 0.00001 0.00003 0.00002
40456S001 PIETOWN          VLBI 7234 -1640953.897 -5014816.013  3575411.798 0.00015 0.00031 0.00024  4 14:001:00000 00:000:00000
40456S001                                 -0.0142      -0.0007      -0.0045 0.00001 0.00003 0.00002
40463S001 LA-VLBA          VLBI 7611 -1449752.543 -4975298.576  3709123.858 0.00007 0.00012 0.00010
40463S001                                 -0.0142       0.0005      -0.0046 0.00001 0.00001 0.00001
40465S001 NL-VLBA          VLBI 7612  -130872.454 -4762317.096  4226851.007 0.00006 0.00013 0.00012
40465S001                                 -0.0153       0.0013      -0.0019 0.00001 0.00001 0.00001
40466S001 KP-VLBA          VLBI 7610 -1995678.801 -5037317.697  3357328.041 0.00007 0.00013 0.00011
40466S001                                 -0.0135       0.0007      -0.0061 0.00001 0.00001 0.00001
40471S001 HN-VLBA          VLBI 7618  1446374.911 -4447939.672  4322306.170 0.00008 0.00016 0.00016
40471S001                                 -0.0155      -0.0017       0.0046 0.00001 0.00002 0.00002
40473S001 BR-VLBA          VLBI 7614 -2112065.166 -3705356.509  4726813.700 0.00007 0.00012 0.00013
40473S001                                 -0.0146       0.0003      -0.0070 0.00001 0.00001 0.00001
40477S001 MK-VLBA          VLBI 7617 -5464075.143 -2495248.294  2148297.266 0.00019 0.00015 0.00014
40477S001                                 -0.0142       0.0630       0.0328 0.00002 0.00002 0.00002
40489S001 HATCREEK         VLBI 7218 -2523970.265 -4123506.197  4147752.451 0.00238 0.00385 0.00386
40489S001                                 -0.0179       0.0079      -0.0063 0.00011 0.00018 0.00018
40490S001 MARPOINT         VLBI 7217  1106629.059 -4882906.372  3938086.134 0.00728 0.02435 0.01926
40490S001                                 -0.0170       0.0379      -0.0384 0.00034 0.00114 0.00090
40491M003 FLAGSTAF         VLBI 7261 -1923992.919 -4850854.498  3658589.121 0.01155 0.02754 0.02124
40491M003                                 -0.0139       0.0022      -0.0088 0.00055 0.00131 0.00100
40492M002 VERNAL           VLBI 7290 -1631473.619 -4589129.102  4106759.849 0.01391 0.03329 0.02841
40492M002                                 -0.0178      -0.0087      -0.0011 0.00069 0.00164 0.00139
40493M001 YUMA             VLBI 7894 -2196778.136 -4887337.046  3448425.141 0.01761 0.03781 0.02695
40493M001                                 -0.0130       0.0012      -0.0047 0.00078 0.00167 0.00119
40496M002 PLATTVIL         VLBI 7258 -1240708.417 -4720454.389  4094481.541 0.00679 0.02098 0.01785
40496M002                                 -0.0160      -0.0014      -0.0051 0.00031 0.00098 0.00083
40497M003 MON_PEAK         VLBI 7274 -2386290.050 -4802345.928  3444884.195 0.01086 0.02145 0.01542
40497M003                                 -0.0324       0.0302       0.0098 0.00049 0.00097 0.00069
40499S001 RICHMOND         VLBI 7219   961257.919 -5674090.067  2740533.828 0.00046 0.00099 0.00061
40499S001                                 -0.0101      -0.0012       0.0025 0.00002 0.00005 0.00003
40499S019 MIAMI20          VLBI 7201   961255.198 -5674092.613  2740533.823 0.00037 0.00087 0.00052
40499S019                                 -0.0101      -0.0012       0.0025 0.00002 0.00005 0.00003
41596S002 AGGO             VLBI 7641  2765116.793 -4449233.829 -3626420.557 0.03682 0.04651 0.04021
41596S002                                 -0.0109       0.0047      -0.0007 0.00385 0.00487 0.00421
41602S001 FORTLEZA         VLBI 7297  4985370.012 -3955020.376  -428472.123 0.00012 0.00011 0.00008
41602S001                                 -0.0023      -0.0038       0.0128 0.00001 0.00001 0.00001
41705S006 SANTIA12         VLBI 1404  1769693.426 -5044504.653 -3468434.867 0.00209 0.00342 0.00269
41705S006                                  0.0236      -0.0082       0.0089 0.00014 0.00022 0.00017
41719S001 TIGOCONC         VLBI 7640  1492054.421 -4887961.016 -3803541.243 0.00019 0.00037 0.00032  1 00:000:00000 10:057:23640
41719S001                                  0.0357      -0.0020       0.0173 0.00004 0.00009 0.00007
41719S001 TIGOCONC         VLBI 7640  1492051.431 -4887961.490 -3803541.751 0.00200 0.00415 0.00334  2 10:057:23640 10:191:00000
41719S001                                 -0.2963      -0.0439       0.0001 0.00539 0.01106 0.00896
41719S001 TIGOCONC         VLBI 7640  1492051.313 -4887961.499 -3803541.752 0.00167 0.00348 0.00294  3 10:191:00000 11:043:43200
41719S001                                 -0.0515      -0.0261       0.0127 0.00200 0.00423 0.00357
41719S001 TIGOCONC         VLBI 7640  1492051.222 -4887961.548 -3803541.753 0.00058 0.00112 0.00091  4 11:043:43200 00:000:00000
41719S001                                 -0.0040      -0.0023       0.0240 0.00020 0.00040 0.00032
43201S001 SC-VLBA          VLBI 7615  2607848.616 -5488069.566  1932739.696 0.00015 0.00028 0.00016
43201S001                                  0.0075       0.0093       0.0125 0.00001 0.00003 0.00002
50103S010 DSS45            VLBI 1545 -4460935.871  2682765.708 -3674380.598 0.00070 0.00050 0.00061
50103S010                                 -0.0365      -0.0001       0.0459 0.00005 0.00003 0.00004
50107S012 YARRA12M         VLBI 7376 -2388895.997  5043349.971 -3078591.007 0.00029 0.00036 0.00030
50107S012                                 -0.0467       0.0088       0.0499 0.00004 0.00006 0.00005
50108S001 PARKES           VLBI 7202 -4554232.431  2816758.907 -3454035.196 0.00146 0.00092 0.00113
50108S001                                 -0.0335      -0.0036       0.0494 0.00022 0.00014 0.00018
50116S002 HOBART26         VLBI 7242 -3950237.242  2522347.659 -4311562.005 0.00014 0.00014 0.00014
50116S002                                 -0.0391       0.0077       0.0413 0.00001 0.00001 0.00002
50116S007 HOBART12         VLBI 7374 -3949990.674  2522421.189 -4311708.162 0.00016 0.00015 0.00015
50116S007                                 -0.0391       0.0077       0.0413 0.00001 0.00001 0.00002
50243S001 WARK12M          VLBI 7377 -5115324.366   477843.304 -3767192.937 0.00072 0.00033 0.00058
50243S001                                 -0.0220      -0.0024       0.0336 0.00012 0.00005 0.00010
50505S003 KWAJAL26         VLBI 4968 -6143535.676  1363998.619  1034707.973 0.03110 0.00859 0.01229
50505S003                                  0.0359       0.0662       0.0257 0.00131 0.00036 0.00053
59968S001 KATH12M          VLBI 7375 -4147354.547  4581542.443 -1573303.386 0.00033 0.00033 0.00024
59968S001                                 -0.0355      -0.0138       0.0558 0.00005 0.00005 0.00004
66006S004 SYOWA            VLBI 7342  1766194.197  1460410.919 -5932273.351 0.00020 0.00020 0.00042
66006S004                                  0.0057       0.0008      -0.0040 0.00003 0.00003 0.00006
66008S001 OHIGGINS         VLBI 7245  1525833.264 -2432463.692 -5676174.517 0.00027 0.00030 0.00059  1 00:000:00000 10:001:00000
66008S001                                  0.0182      -0.0016      -0.0004 0.00003 0.00004 0.00006
66008S001 OHIGGINS         VLBI 7245  1525833.303 -2432463.758 -5676174.675 0.00103 0.00137 0.00263  2 10:001:00000 14:365:00000
66008S001                                  0.0182      -0.0016      -0.0004 0.00003 0.00004 0.00006
66008S001 OHIGGINS         VLBI 7245  1525833.251 -2432463.660 -5676174.451 0.00104 0.00113 0.00227  3 14:365:00000 00:000:00000
66008S001                                  0.0182      -0.0016      -0.0004 0.00003 0.00004 0.00006
10402S014 ONSA13NE         VLBI 7316 3370889.2975  711571.1991  5349692.048 0.00006 0.00006 0.00009
10402S014                                 -0.0141       0.0146       0.0108 0.00001 0.00001 0.00001
10402S015 ONSA13SW         VLBI 7317 3370946.7787  711534.5068  5349660.925 0.00006 0.00006 0.00009
10402S015                                 -0.0141       0.0146       0.0108 0.00001 0.00001 0.00001
